# Harness-executed: pytest-benchmark
# returncode: 0
# agent_score: 100.0 | threshold: 75.0

ssssssssssssssssssssssssssssssssssssssssssssssssssssssssssssssssssssssss [ 21%]
sssssssssssssssssssssssssssssssssssss.ssssssssssssssssssssssssssssssssss [ 42%]
ssssssssssssssssssssssssssssssssssssssssssssssssssssssssssssssssssssssss [ 63%]
ssssssssssssssssssssssssssssssssssssssssssssssssssssssssssssssssssssssss [ 84%]
sssssssssssssssssss..sssssssssssssssssssssssssssssssss                   [100%]
=============================== warnings summary ===============================
03-development/tests/test_nfr_spec_coverage.py::test_nfr01_ac1_get_p95_under_30ms
  /Users/johnny/projects/taskq-new/.venv/lib/python3.11/site-packages/fastapi/testclient.py:1: StarletteDeprecationWarning: Using `httpx` with `starlette.testclient` is deprecated; install `httpx2` instead.
    from starlette.testclient import TestClient as TestClient  # noqa

-- Docs: https://docs.pytest.org/en/stable/how-to/capture-warnings.html

------------------------------- benchmark: 3 tests ------------------------------
Name (time in us)                            Mean                   Max          
---------------------------------------------------------------------------------
test_bench_list_default                  130.4182 (1.0)        245.3750 (1.0)    
test_nfr01_ac1_get_p95_under_30ms      1,312.3675 (10.06)    2,805.8750 (11.44)  
test_nfr01_ac2_list_p95_under_80ms     1,688.9131 (12.95)    3,385.3750 (13.80)  
---------------------------------------------------------------------------------

Legend:
  Outliers: 1 Standard Deviation from Mean; 1.5 IQR (InterQuartile Range) from 1st Quartile and 3rd Quartile.
  OPS: Operations Per Second, computed as 1 / Mean
3 passed, 339 skipped, 1 warning in 2.75s

Wrote benchmark data in: <_io.BufferedWriter name='.sessi-work/benchmark_report.json'>
=== TOOL_OUTPUT_ARTIFACT ===
{
    "machine_info": {
        "node": "JohnnydeMac-Studio.local",
        "processor": "arm",
        "machine": "arm64",
        "python_compiler": "Clang 22.1.3 ",
        "python_implementation": "CPython",
        "python_implementation_version": "3.11.15",
        "python_version": "3.11.15",
        "python_build": [
            "main",
            "May 10 2026 19:23:07"
        ],
        "release": "25.6.0",
        "system": "Darwin",
        "cpu": {
            "python_version": "3.11.15.final.0 (64 bit)",
            "cpuinfo_version": [
                9,
                0,
                0
            ],
            "cpuinfo_version_string": "9.0.0",
            "arch": "ARM_8",
            "bits": 64,
            "count": 32,
            "arch_string_raw": "arm64",
            "brand_raw": "Apple M3 Ultra"
        }
    },
    "commit_info": {
        "id": "899502fff38ba12a6051b0f9252a28c9c4f35001",
        "time": "2026-08-24T00:08:22+08:00",
        "author_time": "2026-08-24T00:08:22+08:00",
        "dirty": true,
        "project": "taskq-new",
        "branch": "main"
    },
    "benchmarks": [
        {
            "group": null,
            "name": "test_bench_list_default",
            "fullname": "03-development/tests/test_benchmark_nfr01.py::test_bench_list_default",
            "params": null,
            "param": null,
            "extra_info": {},
            "options": {
                "disable_gc": true,
                "timer": "perf_counter",
                "min_rounds": 5,
                "max_time": 1.0,
                "min_time": 5e-06,
                "warmup": false
            },
            "stats": {
                "min": 0.0001254579983651638,
                "max": 0.000245374976657331,
                "mean": 0.00013041820272739077,
                "stddev": 8.27912135857583e-06,
                "rounds": 435,
                "median": 0.0001287920167669654,
                "iqr": 2.8227659640833735e-06,
                "q1": 0.00012762501137331128,
                "q3": 0.00013044777733739465,
                "iqr_outliers": 31,
                "stddev_outliers": 17,
                "outliers": "17;31",
                "ld15iqr": 0.0001254579983651638,
                "hd15iqr": 0.0001348330406472087,
                "ops": 7667.641319136024,
                "total": 0.05673191818641499,
                "data": [
                    0.000245374976657331,
                    0.0001909160055220127,
                    0.0001701659639365971,
                    0.00016129098366945982,
                    0.00016191595932468772,
                    0.00018074997933581471,
                    0.000162874988745898,
                    0.00014762504724785686,
                    0.0001379579771310091,
                    0.00013762497110292315,
                    0.00013641698751598597,
                    0.0001325830235145986,
                    0.00013512501027435064,
                    0.00013100000796839595,
                    0.00013133295578882098,
                    0.0001348330406472087,
                    0.00013562495587393641,
                    0.00013154203770682216,
                    0.0001319169532507658,
                    0.00013008300447836518,
                    0.00013262499123811722,
                    0.00013170798774808645,
                    0.00013183301780372858,
                    0.00013270799536257982,
                    0.0001307909842580557,
                    0.00013137503992766142,
                    0.00013116601621732116,
                    0.0001324580516666174,
                    0.0001521250233054161,
                    0.00013325002510100603,
                    0.00013008300447836518,
                    0.00013137503992766142,
                    0.0001313749817200005,
                    0.0001289999927394092,
                    0.0001319579896517098,
                    0.00012870901264250278,
                    0.0001289169886149466,
                    0.0001307499478571117,
                    0.0001294169924221933,
                    0.00013691600179299712,
                    0.00012912502279505134,
                    0.00012891599908471107,
                    0.0001294590183533728,
                    0.00012924999464303255,
                    0.00013016699813306332,
                    0.00013066700194031,
                    0.00012791698100045323,
                    0.00013216602383181453,
                    0.00012937502469867468,
                    0.00012929202057421207,
                    0.00013208400923758745,
                    0.00012908398639410734,
                    0.00013404199853539467,
                    0.0001305839978158474,
                    0.0001308330101892352,
                    0.00013262499123811722,
                    0.00013041700003668666,
                    0.0001318749855272472,
                    0.00013204198330640793,
                    0.00012908398639410734,
                    0.0001301249722018838,
                    0.0001289169886149466,
                    0.00013287499314174056,
                    0.000132458982989192,
                    0.00013658299576491117,
                    0.0001297079725190997,
                    0.0001312500098720193,
                    0.0001276669790968299,
                    0.00013183301780372858,
                    0.0001284159952774644,
                    0.0001297079725190997,
                    0.0001318749855272472,
                    0.00012766598956659436,
                    0.00012874999083578587,
                    0.0001312089734710753,
                    0.00012820801930502057,
                    0.00012958404840901494,
                    0.00013150001177564263,
                    0.00012904196046292782,
                    0.00013174995547160506,
                    0.00012854201486334205,
                    0.00013025000225752592,
                    0.00013016699813306332,
                    0.00012991600669920444,
                    0.0001296249683946371,
                    0.0001277910196222365,
                    0.00013062497600913048,
                    0.00012874999083578587,
                    0.00013020902406424284,
                    0.0001332079991698265,
                    0.0001324580516666174,
                    0.00012991594849154353,
                    0.0001318750437349081,
                    0.00013158301590010524,
                    0.00012845901073887944,
                    0.00013175001367926598,
                    0.00012987502850592136,
                    0.00013108295388519764,
                    0.00013045803643763065,
                    0.00012770795729011297,
                    0.00013029196998104453,
                    0.0001278749550692737,
                    0.00012858305126428604,
                    0.00013025000225752592,
                    0.00012866599718108773,
                    0.00012895901454612613,
                    0.00012945797061547637,
                    0.00012687500566244125,
                    0.00012933398829773068,
                    0.00012812501518055797,
                    0.0001294169924221933,
                    0.00012937496649101377,
                    0.00012708303984254599,
                    0.00013100000796839595,
                    0.00012762501137331128,
                    0.00012849998893216252,
                    0.000137166993226856,
                    0.00012758298544213176,
                    0.00012954202247783542,
                    0.00013433402637019753,
                    0.00012924999464303255,
                    0.00013158301590010524,
                    0.0001283750170841813,
                    0.0001307500060647726,
                    0.00012954097473993897,
                    0.00013062497600913048,
                    0.00013212498743087053,
                    0.00012741697719320655,
                    0.0001290409709326923,
                    0.00012933398829773068,
                    0.00012712494935840368,
                    0.00013649999164044857,
                    0.0001271250075660646,
                    0.0001283749588765204,
                    0.0001294169924221933,
                    0.00012737500946968794,
                    0.0001283749588765204,
                    0.00012783397687599063,
                    0.0001290410291403532,
                    0.00012987497029826045,
                    0.00012924999464303255,
                    0.00013166602002456784,
                    0.00012916699051856995,
                    0.00012916600098833442,
                    0.0001324170152656734,
                    0.0001302080345340073,
                    0.00012683402746915817,
                    0.00012895901454612613,
                    0.00012791698100045323,
                    0.00012770795729011297,
                    0.00013000000035390258,
                    0.0001266250037588179,
                    0.00012795795919373631,
                    0.00012762501137331128,
                    0.0001272080116905272,
                    0.00014070799807086587,
                    0.00013737502740696073,
                    0.0001283750170841813,
                    0.00012795801740139723,
                    0.00012608402175828815,
                    0.00012916699051856995,
                    0.00012679200153797865,
                    0.00013212498743087053,
                    0.00013104197569191456,
                    0.00012974999845027924,
                    0.00013245799345895648,
                    0.00012916699051856995,
                    0.00012854201486334205,
                    0.0001313330139964819,
                    0.00012762501137331128,
                    0.00012849998893216252,
                    0.00012725003762170672,
                    0.00012812495697289705,
                    0.00013095798203721642,
                    0.00012833299115300179,
                    0.0001303329481743276,
                    0.00012725003762170672,
                    0.00012954097473993897,
                    0.0001283749588765204,
                    0.0001287920167669654,
                    0.00013100000796839595,
                    0.00012687500566244125,
                    0.0001283750170841813,
                    0.00012779200915247202,
                    0.00012666697148233652,
                    0.00012974999845027924,
                    0.00012749998131766915,
                    0.00012916699051856995,
                    0.00012812501518055797,
                    0.00012683297973126173,
                    0.00013108400162309408,
                    0.00012700003571808338,
                    0.00012812501518055797,
                    0.00013029202818870544,
                    0.00012683297973126173,
                    0.00013033300638198853,
                    0.00012712494935840368,
                    0.0001289999927394092,
                    0.00012804102152585983,
                    0.00012791698100045323,
                    0.00012970896204933524,
                    0.00012737500946968794,
                    0.00012862501898780465,
                    0.00012862501898780465,
                    0.0001269589993171394,
                    0.0001300420262850821,
                    0.00012691703159362078,
                    0.00012820895062759519,
                    0.00012812501518055797,
                    0.00012637500185519457,
                    0.00012995896395295858,
                    0.000126665981952101,
                    0.0001278329873457551,
                    0.0001284580212086439,
                    0.00012604199582710862,
                    0.00012987502850592136,
                    0.00012608303222805262,
                    0.00012858299305662513,
                    0.00012762495316565037,
                    0.00012679200153797865,
                    0.0001302079763263464,
                    0.00012645800597965717,
                    0.00012874999083578587,
                    0.00012924999464303255,
                    0.0001271250075660646,
                    0.00012862496078014374,
                    0.0001265419996343553,
                    0.00012791703920811415,
                    0.00012816599337384105,
                    0.00012679200153797865,
                    0.00012954097473993897,
                    0.00012675003381446004,
                    0.0001271250075660646,
                    0.00012679200153797865,
                    0.00012579100439324975,
                    0.00012833299115300179,
                    0.0001265419996343553,
                    0.00012962502660229802,
                    0.00012779200915247202,
                    0.0001282920129597187,
                    0.0001254579983651638,
                    0.00012987497029826045,
                    0.0001265830360352993,
                    0.00012791698100045323,
                    0.00013395899441093206,
                    0.0001272499794140458,
                    0.00012879102723672986,
                    0.00013283296721056104,
                    0.00012870895443484187,
                    0.00012791703920811415,
                    0.00012804096331819892,
                    0.00013029202818870544,
                    0.00012929202057421207,
                    0.00012924999464303255,
                    0.0001279159914702177,
                    0.00012716703349724412,
                    0.00012962502660229802,
                    0.00012695795157924294,
                    0.00012841704301536083,
                    0.0001278329873457551,
                    0.0001336670247837901,
                    0.00013041700003668666,
                    0.00012787501327693462,
                    0.00012808298924937844,
                    0.00012924999464303255,
                    0.0001289999927394092,
                    0.00012958399020135403,
                    0.00012670899741351604,
                    0.0001287920167669654,
                    0.00012625003000721335,
                    0.00013558304635807872,
                    0.00012745795538648963,
                    0.00013087503612041473,
                    0.0001331249950453639,
                    0.00012758298544213176,
                    0.0001290829968638718,
                    0.00012787501327693462,
                    0.0001276669790968299,
                    0.00012991699622943997,
                    0.00012804201105609536,
                    0.00012720900122076273,
                    0.000128833984490484,
                    0.00013404199853539467,
                    0.0001318340073339641,
                    0.0001514590112492442,
                    0.00012699997751042247,
                    0.00012883299496024847,
                    0.00012558395974338055,
                    0.00012987497029826045,
                    0.0001272080116905272,
                    0.0001277910196222365,
                    0.00012866599718108773,
                    0.00012862496078014374,
                    0.00012912502279505134,
                    0.00012874999083578587,
                    0.0001271250075660646,
                    0.00013050000416114926,
                    0.00012708303984254599,
                    0.00012841698480769992,
                    0.00012841698480769992,
                    0.00012804102152585983,
                    0.0001282920129597187,
                    0.00012887496268376708,
                    0.00012887496268376708,
                    0.0001284159952774644,
                    0.00012783397687599063,
                    0.0001272499794140458,
                    0.00013029202818870544,
                    0.0001272499794140458,
                    0.0001289169886149466,
                    0.00012762501137331128,
                    0.00012637500185519457,
                    0.00012816599337384105,
                    0.00012649997370317578,
                    0.0001279159914702177,
                    0.0001278329873457551,
                    0.00012629199773073196,
                    0.0001287920167669654,
                    0.00012716703349724412,
                    0.0001289999927394092,
                    0.00012791698100045323,
                    0.00012758304364979267,
                    0.00012766598956659436,
                    0.000127042003441602,
                    0.0001272499794140458,
                    0.0001289999927394092,
                    0.00012600002810359,
                    0.00012804201105609536,
                    0.00012729200534522533,
                    0.00012766598956659436,
                    0.0001283750170841813,
                    0.0001289169886149466,
                    0.00013158400543034077,
                    0.00012970896204933524,
                    0.00012658402556553483,
                    0.00012874999083578587,
                    0.00012887496268376708,
                    0.00012683297973126173,
                    0.00013045896776020527,
                    0.00012741697719320655,
                    0.00012820801930502057,
                    0.0001284159952774644,
                    0.00012691598385572433,
                    0.00012733298353850842,
                    0.00012733298353850842,
                    0.000128875020891428,
                    0.00012804201105609536,
                    0.00013004097854718566,
                    0.00013050000416114926,
                    0.0001272080116905272,
                    0.00012804201105609536,
                    0.00012862501898780465,
                    0.00012754200724884868,
                    0.00012862501898780465,
                    0.00012812501518055797,
                    0.00012824998702853918,
                    0.00012762495316565037,
                    0.00012637500185519457,
                    0.0001271250075660646,
                    0.00012849998893216252,
                    0.00012624997179955244,
                    0.0001275839749723673,
                    0.0001283750170841813,
                    0.00012758304364979267,
                    0.00012833299115300179,
                    0.00012916699051856995,
                    0.00014820799697190523,
                    0.0001484170206822455,
                    0.00012637500185519457,
                    0.00012704101391136646,
                    0.00012824998702853918,
                    0.0001265419996343553,
                    0.00013050000416114926,
                    0.00012758298544213176,
                    0.00012879102723672986,
                    0.00012816599337384105,
                    0.00012587499804794788,
                    0.00012991699622943997,
                    0.00012683297973126173,
                    0.00012820801930502057,
                    0.0001277499832212925,
                    0.0001271669752895832,
                    0.00013008300447836518,
                    0.00012741598766297102,
                    0.00012749998131766915,
                    0.00012912502279505134,
                    0.00012570800026878715,
                    0.00013054197188466787,
                    0.00013162498362362385,
                    0.00012879096902906895,
                    0.00013029196998104453,
                    0.0001455830060876906,
                    0.0001473339507356286,
                    0.00013350002700462937,
                    0.0001354580163024366,
                    0.00014691700926050544,
                    0.00013087497791275382,
                    0.00013275002129375935,
                    0.00014520803233608603,
                    0.00013041700003668666,
                    0.0001276670373044908,
                    0.0001254579983651638,
                    0.00013229204341769218,
                    0.0001269589993171394,
                    0.00012720900122076273,
                    0.00012754200724884868,
                    0.0001259999698959291,
                    0.0001297079725190997,
                    0.00012624997179955244,
                    0.00012687500566244125,
                    0.00012762501137331128,
                    0.00012641598004847765,
                    0.00012904201867058873,
                    0.00012649997370317578,
                    0.00012804201105609536,
                    0.0001308329519815743,
                    0.00012645800597965717,
                    0.00013166602002456784,
                    0.00012754101771861315,
                    0.00012699997751042247,
                    0.0001295419642701745,
                    0.0001265419996343553,
                    0.00013041700003668666,
                    0.00012699997751042247,
                    0.00013795896666124463,
                    0.00012929202057421207,
                    0.0001271250075660646,
                    0.0001296249683946371,
                    0.00012620899360626936,
                    0.0001300839940086007,
                    0.00012700003571808338,
                    0.0001277499832212925,
                    0.0001276670373044908,
                    0.00012666702968999743,
                    0.00012945797061547637
                ],
                "iterations": 1
            }
        },
        {
            "group": null,
            "name": "test_nfr01_ac1_get_p95_under_30ms",
            "fullname": "03-development/tests/test_nfr_spec_coverage.py::test_nfr01_ac1_get_p95_under_30ms",
            "params": null,
            "param": null,
            "extra_info": {},
            "options": {
                "disable_gc": true,
                "timer": "perf_counter",
                "min_rounds": 5,
                "max_time": 1.0,
                "min_time": 5e-06,
                "warmup": false
            },
            "stats": {
                "min": 0.0012497089919634163,
                "max": 0.002805874974001199,
                "mean": 0.0013123675381807103,
                "stddev": 0.0001094775028580736,
                "rounds": 330,
                "median": 0.001295291498536244,
                "iqr": 2.6083027478307486e-05,
                "q1": 0.0012814580113627017,
                "q3": 0.0013075410388410091,
                "iqr_outliers": 25,
                "stddev_outliers": 12,
                "outliers": "12;25",
                "ld15iqr": 0.0012497089919634163,
                "hd15iqr": 0.0013562499661929905,
                "ops": 761.9816636018485,
                "total": 0.4330812875996344,
                "data": [
                    0.0017140000127255917,
                    0.001518749981187284,
                    0.0015890419599600136,
                    0.0014629160286858678,
                    0.0014236249844543636,
                    0.0015038340352475643,
                    0.001501374994404614,
                    0.0014026249991729856,
                    0.001359917048830539,
                    0.0013364169863052666,
                    0.0013320419820956886,
                    0.0013340419973246753,
                    0.0013004999491386116,
                    0.0013187919976189733,
                    0.0013181249960325658,
                    0.0012887499760836363,
                    0.0012986250221729279,
                    0.0012953330297023058,
                    0.0013009580434300005,
                    0.0013014169526286423,
                    0.0012861249851994216,
                    0.0012721659732051194,
                    0.0012505000340752304,
                    0.0012702500098384917,
                    0.0012630830169655383,
                    0.0012916669948026538,
                    0.0012679999927058816,
                    0.001272958004847169,
                    0.0012774579809047282,
                    0.0013129999861121178,
                    0.0012669590068981051,
                    0.001304459001403302,
                    0.0014203749597072601,
                    0.0012985419598408043,
                    0.001293207984417677,
                    0.001288499974180013,
                    0.0012703750398941338,
                    0.0012678749626502395,
                    0.0012840839917771518,
                    0.0012805419974029064,
                    0.0012565000215545297,
                    0.0012501669698394835,
                    0.0012734170304611325,
                    0.0012984589557163417,
                    0.001258582982700318,
                    0.0013390420353971422,
                    0.001269125030376017,
                    0.0012497089919634163,
                    0.0012645410024560988,
                    0.001264624996110797,
                    0.0012934579863213003,
                    0.001299374969676137,
                    0.0012624579831026495,
                    0.0012572919949889183,
                    0.0014190830406732857,
                    0.0012677910272032022,
                    0.001266542007215321,
                    0.0013012090348638594,
                    0.0012868340127170086,
                    0.0012945000198669732,
                    0.001357707951683551,
                    0.0013240419793874025,
                    0.0012927919742651284,
                    0.0012942500179633498,
                    0.0012763330014422536,
                    0.0013065419625490904,
                    0.0012775410432368517,
                    0.0012903339811600745,
                    0.0013004160136915743,
                    0.001281999982893467,
                    0.0012983750202693045,
                    0.001299416006077081,
                    0.0012901250156573951,
                    0.0012684169923886657,
                    0.0012803749996237457,
                    0.0012717499630525708,
                    0.0012734580086544156,
                    0.0012555000139400363,
                    0.0012909169890917838,
                    0.0012777909869328141,
                    0.0012801249977201223,
                    0.001272166962735355,
                    0.0012814169749617577,
                    0.0012768749729730189,
                    0.001298624963965267,
                    0.0012619580375030637,
                    0.0012564589851535857,
                    0.0012644999660551548,
                    0.0012814169749617577,
                    0.0012694589677266777,
                    0.0012652080040425062,
                    0.0012608750257641077,
                    0.0012738750083371997,
                    0.0012544160126708448,
                    0.001268249994609505,
                    0.001268708030693233,
                    0.0013360829907469451,
                    0.001288916973862797,
                    0.0012833339860662818,
                    0.0012695839977823198,
                    0.0012605829979293048,
                    0.0012742910184897482,
                    0.001278458978049457,
                    0.0013151669991202652,
                    0.0012821669806726277,
                    0.0012857080437242985,
                    0.0012605000520125031,
                    0.001301709038671106,
                    0.0012686250265687704,
                    0.00127158296527341,
                    0.002805874974001199,
                    0.0020536669762805104,
                    0.0013867920497432351,
                    0.0013595829950645566,
                    0.0013204999850131571,
                    0.0013567499700002372,
                    0.0012881660368293524,
                    0.0013051669811829925,
                    0.0012848330079577863,
                    0.001300457981415093,
                    0.001306624966673553,
                    0.0013150410377420485,
                    0.0012805419974029064,
                    0.0013069169945083559,
                    0.0012969999806955457,
                    0.0013022500206716359,
                    0.0013329999637790024,
                    0.001274041016586125,
                    0.0012746250140480697,
                    0.0012752499897032976,
                    0.001292583008762449,
                    0.001278791984077543,
                    0.001275458955205977,
                    0.0012952499673701823,
                    0.0013001670013181865,
                    0.0012888329802080989,
                    0.0012624160153791308,
                    0.0012865419848822057,
                    0.001318165974225849,
                    0.0013042499776929617,
                    0.0012977500446140766,
                    0.0013046659878455102,
                    0.0012911250232718885,
                    0.0012886670301668346,
                    0.0013187080039642751,
                    0.0012893749517388642,
                    0.0013192910118959844,
                    0.001281707955058664,
                    0.0012941670138388872,
                    0.0013024579966440797,
                    0.0013272080104798079,
                    0.0013000419712625444,
                    0.0012974590063095093,
                    0.0012950419913977385,
                    0.0012887080083601177,
                    0.0012797079980373383,
                    0.0012978329905308783,
                    0.0013292909716255963,
                    0.001302582968492061,
                    0.0012912499951198697,
                    0.0013361659948714077,
                    0.001279457996133715,
                    0.001285000005736947,
                    0.0012904159957543015,
                    0.0013005000073462725,
                    0.0012959999730810523,
                    0.0012860840070061386,
                    0.0012942920438945293,
                    0.0012841250281780958,
                    0.0012875000247731805,
                    0.0013382500037550926,
                    0.0013340000296011567,
                    0.001291499997023493,
                    0.0012941250461153686,
                    0.0012814580113627017,
                    0.0012894580140709877,
                    0.0013293749652802944,
                    0.0012869999627582729,
                    0.0012789999600499868,
                    0.0012567919911816716,
                    0.0012973749544471502,
                    0.001285333011765033,
                    0.0012771670008078218,
                    0.0012643749942071736,
                    0.001277333009056747,
                    0.0012918339925818145,
                    0.0014647500356659293,
                    0.0013762920279987156,
                    0.0013017079909332097,
                    0.0012745420099236071,
                    0.0012846249737776816,
                    0.001277624978683889,
                    0.0013441669871099293,
                    0.0013017909950576723,
                    0.0013053330476395786,
                    0.0012857920373789966,
                    0.001296167029067874,
                    0.0012923750327900052,
                    0.0013043339713476598,
                    0.0012927500065416098,
                    0.0013008330133743584,
                    0.0012934170081280172,
                    0.0012994169956073165,
                    0.0012818750110454857,
                    0.0012793750502169132,
                    0.0013065000530332327,
                    0.0012942919856868684,
                    0.001303000026382506,
                    0.001280208001844585,
                    0.0012808750034309924,
                    0.0012864999589510262,
                    0.0012672499869950116,
                    0.0013014579890295863,
                    0.001284915953874588,
                    0.0012824590085074306,
                    0.001294041983783245,
                    0.0013075000024400651,
                    0.0013116670306771994,
                    0.001305249985307455,
                    0.0012948329676873982,
                    0.0013029580004513264,
                    0.001303749973885715,
                    0.0013010000111535192,
                    0.0013239579857327044,
                    0.0012965420028194785,
                    0.001287541992496699,
                    0.0012772079790011048,
                    0.001308125036302954,
                    0.0012773749767802656,
                    0.0012970410170964897,
                    0.001291082997340709,
                    0.001284541969653219,
                    0.0012980829924345016,
                    0.0012840830022469163,
                    0.0012978750164620578,
                    0.0013000419712625444,
                    0.001263250014744699,
                    0.0012955410056747496,
                    0.0012918750289827585,
                    0.0012885420001111925,
                    0.0012926250346936285,
                    0.0012987919617444277,
                    0.001320707960985601,
                    0.0019257919630035758,
                    0.0016088339616544545,
                    0.0013778340071439743,
                    0.0013562499661929905,
                    0.0013253749930299819,
                    0.0013270840281620622,
                    0.001309666025917977,
                    0.0013078749761916697,
                    0.0013086249819025397,
                    0.0013054169830866158,
                    0.0013124579563736916,
                    0.0013116669724695385,
                    0.001290416985284537,
                    0.0012991249677725136,
                    0.0012936670100316405,
                    0.001304208009969443,
                    0.0012879589921794832,
                    0.0013059169868938625,
                    0.001285750011447817,
                    0.0014177080010995269,
                    0.001358041015919298,
                    0.0013144170516170561,
                    0.0012875829706899822,
                    0.0013092090375721455,
                    0.0013045409577898681,
                    0.0012807080056518316,
                    0.001341374998446554,
                    0.0013064579688943923,
                    0.0012854579836130142,
                    0.001301333017181605,
                    0.0013315830146893859,
                    0.001294041983783245,
                    0.0013075410388410091,
                    0.001285624981392175,
                    0.0012863330193795264,
                    0.0012852079817093909,
                    0.0012893330422230065,
                    0.001291082997340709,
                    0.0013008330133743584,
                    0.0013042500359006226,
                    0.0012938749860040843,
                    0.0013043329818174243,
                    0.0012716670171357691,
                    0.0013026250526309013,
                    0.0013222909765318036,
                    0.0013023330247960985,
                    0.0012800830299966037,
                    0.0012882919982075691,
                    0.0013118330389261246,
                    0.0013212079647928476,
                    0.0013029170222580433,
                    0.0013165830168873072,
                    0.0013092500157654285,
                    0.001304208009969443,
                    0.0013075410388410091,
                    0.0013006660155951977,
                    0.00128679204499349,
                    0.0013134999899193645,
                    0.0013121250085532665,
                    0.0013280409621074796,
                    0.0013247919850982726,
                    0.0013284580199979246,
                    0.0013083340018056333,
                    0.001289999985601753,
                    0.0013195409555919468,
                    0.0012960419990122318,
                    0.0013154170010238886,
                    0.0013040420017205179,
                    0.0013123330427333713,
                    0.001334959000814706,
                    0.0013140829978510737,
                    0.0013075000024400651,
                    0.0012727080029435456,
                    0.0013045830419287086,
                    0.001276249997317791,
                    0.0013187499716877937,
                    0.0012883750023320317,
                    0.0013018749887123704,
                    0.0012742499820888042,
                    0.0013044580118730664,
                    0.001302374992519617,
                    0.0013263340224511921,
                    0.0013017919845879078,
                    0.001306957972701639,
                    0.0013007089728489518,
                    0.0013402499607764184,
                    0.0012853750376962125
                ],
                "iterations": 1
            }
        },
        {
            "group": null,
            "name": "test_nfr01_ac2_list_p95_under_80ms",
            "fullname": "03-development/tests/test_nfr_spec_coverage.py::test_nfr01_ac2_list_p95_under_80ms",
            "params": null,
            "param": null,
            "extra_info": {},
            "options": {
                "disable_gc": true,
                "timer": "perf_counter",
                "min_rounds": 5,
                "max_time": 1.0,
                "min_time": 5e-06,
                "warmup": false
            },
            "stats": {
                "min": 0.0016268339823000133,
                "max": 0.0033853750210255384,
                "mean": 0.0016889131464995445,
                "stddev": 0.00010062291835508166,
                "rounds": 425,
                "median": 0.0016786669730208814,
                "iqr": 3.3770702430047095e-05,
                "q1": 0.0016622185212327167,
                "q3": 0.0016959892236627638,
                "iqr_outliers": 20,
                "stddev_outliers": 11,
                "outliers": "11;20",
                "ld15iqr": 0.0016268339823000133,
                "hd15iqr": 0.0017475829808972776,
                "ops": 592.0967588372489,
                "total": 0.7177880872623064,
                "data": [
                    0.0018188749672845006,
                    0.001689709024503827,
                    0.0017860410152934492,
                    0.0017834579921327531,
                    0.0017555829836055636,
                    0.0017258329899050295,
                    0.001695374958217144,
                    0.0016647500451654196,
                    0.0016760830185376108,
                    0.0016868340317159891,
                    0.001661374990362674,
                    0.00165049999486655,
                    0.0016993749886751175,
                    0.0016409169766120613,
                    0.00163237500237301,
                    0.0016652080230414867,
                    0.0016597919748164713,
                    0.0016630419995635748,
                    0.0016503339866176248,
                    0.0016527079860679805,
                    0.0016395419952459633,
                    0.001639708993025124,
                    0.0016292500076815486,
                    0.0016658339882269502,
                    0.0016369579825550318,
                    0.00165741698583588,
                    0.001645541051402688,
                    0.0016327080084010959,
                    0.0016394169651903212,
                    0.0016373749822378159,
                    0.0016393749974668026,
                    0.0016515000024810433,
                    0.0016623749979771674,
                    0.0016550419968552887,
                    0.0016510840505361557,
                    0.001665709016378969,
                    0.001647625002078712,
                    0.0016340839792974293,
                    0.0016428329981863499,
                    0.0016268339823000133,
                    0.001654542051255703,
                    0.0016393749974668026,
                    0.0016650420147925615,
                    0.001662749971728772,
                    0.0016361669986508787,
                    0.0016564999823458493,
                    0.0016534579917788506,
                    0.0016582499956712127,
                    0.001649416983127594,
                    0.0016610409948043525,
                    0.0016392089892178774,
                    0.0016503329970873892,
                    0.0016738339909352362,
                    0.0017120420234277844,
                    0.0018244169768877327,
                    0.0016556670307181776,
                    0.0016437910380773246,
                    0.0016618749941699207,
                    0.001663832983467728,
                    0.0016684160218574107,
                    0.0016806669882498682,
                    0.0016617500223219395,
                    0.00166245800210163,
                    0.001688582997303456,
                    0.0016572920139878988,
                    0.0016632080078125,
                    0.0016559159848839045,
                    0.0016625840216875076,
                    0.0017000410007312894,
                    0.0016581660020165145,
                    0.0016724580200389028,
                    0.001674042025115341,
                    0.001679584034718573,
                    0.0016675409860908985,
                    0.0016559590003453195,
                    0.0016410420066677034,
                    0.0016475410084240139,
                    0.0016349590150639415,
                    0.0016623330302536488,
                    0.0016442089690826833,
                    0.0016545829712413251,
                    0.001654457999393344,
                    0.0016484590014442801,
                    0.0016481250058859587,
                    0.0016437079757452011,
                    0.0016373750404454768,
                    0.0016476670280098915,
                    0.0016354169929400086,
                    0.0016449589747935534,
                    0.001651583006605506,
                    0.0016420840402133763,
                    0.001647665980271995,
                    0.0016545840189792216,
                    0.0016371660167351365,
                    0.00165666698012501,
                    0.0016343329916708171,
                    0.0016702500288374722,
                    0.0016481659840792418,
                    0.0016324169700965285,
                    0.0016399159794673324,
                    0.00165049999486655,
                    0.001646582968533039,
                    0.0016421250184066594,
                    0.0016744169988669455,
                    0.00164470897288993,
                    0.0016472089919261634,
                    0.0016556670307181776,
                    0.0016492909635417163,
                    0.0016464159707538784,
                    0.0016498329932801425,
                    0.001640375005081296,
                    0.001631040999200195,
                    0.001657749991863966,
                    0.0016642079572193325,
                    0.001791750022675842,
                    0.0016905000084079802,
                    0.0016709999763406813,
                    0.001666042022407055,
                    0.0016639590030536056,
                    0.00164974998915568,
                    0.0016564590041525662,
                    0.0016403330373577774,
                    0.0016818749718368053,
                    0.0016879579634405673,
                    0.0016833330155350268,
                    0.0016561250085942447,
                    0.001661666959989816,
                    0.0016491659916937351,
                    0.0016600419767200947,
                    0.0017011660384014249,
                    0.0016456670127809048,
                    0.0016712079523131251,
                    0.0016777499695308506,
                    0.0016695829690434039,
                    0.001661791990045458,
                    0.0017210840014740825,
                    0.001664666982833296,
                    0.0016513330047018826,
                    0.0016651250189170241,
                    0.0016650829929858446,
                    0.0016821669996716082,
                    0.0016630840254947543,
                    0.0016909579862840474,
                    0.0016445840010419488,
                    0.001653041981626302,
                    0.0016357499989680946,
                    0.0016624159761704504,
                    0.001658459019381553,
                    0.0016485829837620258,
                    0.0016460419865325093,
                    0.0016804999904707074,
                    0.0016853329725563526,
                    0.0016744579770602286,
                    0.0016763340099714696,
                    0.0016717909602448344,
                    0.0016456249868497252,
                    0.0017277500010095537,
                    0.0016536249895580113,
                    0.0016745000029914081,
                    0.0016510420246049762,
                    0.001657749991863966,
                    0.001654874999076128,
                    0.0016807080246508121,
                    0.0016538749914616346,
                    0.0016868750099092722,
                    0.0016842499608173966,
                    0.001662541995756328,
                    0.0016440419713035226,
                    0.0016515410388819873,
                    0.001647208002395928,
                    0.0016806669882498682,
                    0.0016579589573666453,
                    0.0016969999996945262,
                    0.0016972499433904886,
                    0.0033853750210255384,
                    0.002621375024318695,
                    0.0018392909551039338,
                    0.0017672080430202186,
                    0.0017499169916845858,
                    0.0017299589817412198,
                    0.0017335829907096922,
                    0.001740667037665844,
                    0.001718541025184095,
                    0.0016775000258348882,
                    0.0016912500141188502,
                    0.0017321669729426503,
                    0.001689624972641468,
                    0.0016912079881876707,
                    0.0016803750186227262,
                    0.0016651249607093632,
                    0.0017321669729426503,
                    0.0016721250140108168,
                    0.0016742079751566052,
                    0.001678416971117258,
                    0.0016739589627832174,
                    0.0016642920090816915,
                    0.0017958750249817967,
                    0.001665749994572252,
                    0.001665791030973196,
                    0.0016535420436412096,
                    0.0016626249998807907,
                    0.0016804580227471888,
                    0.0016632499755360186,
                    0.0016993749886751175,
                    0.0016785000334493816,
                    0.00169945799279958,
                    0.0016844579949975014,
                    0.0016891250270418823,
                    0.001674083003308624,
                    0.001680249988567084,
                    0.001697208033874631,
                    0.0016605419805273414,
                    0.0016881669871509075,
                    0.0016699160332791507,
                    0.001677999971434474,
                    0.0016706659807823598,
                    0.0016885000513866544,
                    0.0016721669817343354,
                    0.0016732090152800083,
                    0.0016716670361347497,
                    0.0017027910216711462,
                    0.0016896670567803085,
                    0.0017007080023176968,
                    0.0016909160185605288,
                    0.0016811660025268793,
                    0.0016692090430296957,
                    0.0016676659579388797,
                    0.0016764170140959322,
                    0.0016886250232346356,
                    0.0016678330139257014,
                    0.0016959579661488533,
                    0.001676917017903179,
                    0.0016684160218574107,
                    0.0018854999798350036,
                    0.0017475829808972776,
                    0.0016867079539224505,
                    0.0016789590008556843,
                    0.001680457964539528,
                    0.0016845419886521995,
                    0.001697666011750698,
                    0.0017060839454643428,
                    0.0016633330378681421,
                    0.0016915419837459922,
                    0.0016668750322423875,
                    0.0016632499755360186,
                    0.0016729580238461494,
                    0.0016942080110311508,
                    0.0016875420114956796,
                    0.0017365420353598893,
                    0.0016986249829642475,
                    0.0016667500021867454,
                    0.0016843749908730388,
                    0.0017163330339826643,
                    0.001686292001977563,
                    0.0016786250052973628,
                    0.0016866250080056489,
                    0.0016872500418685377,
                    0.001697624975349754,
                    0.0017004170222207904,
                    0.0017001249943859875,
                    0.001691125042270869,
                    0.0016846249927766621,
                    0.0016884999931789935,
                    0.0016982920351438224,
                    0.0017051249742507935,
                    0.0016849160310812294,
                    0.0016818339936435223,
                    0.0016752079827710986,
                    0.0016756660188548267,
                    0.001683124981354922,
                    0.0016727090114727616,
                    0.0016760830185376108,
                    0.0016802080208435655,
                    0.0016744169988669455,
                    0.001687792013399303,
                    0.0016809169901534915,
                    0.0016924169613048434,
                    0.0016724170418456197,
                    0.0016951669822447002,
                    0.0016985420370474458,
                    0.0016998329665511847,
                    0.0016777919954620302,
                    0.0016830830136314034,
                    0.0016980409855023026,
                    0.0016869170358404517,
                    0.0016915829619392753,
                    0.0016742919688113034,
                    0.0016937499749474227,
                    0.0017006249981932342,
                    0.0016774999676272273,
                    0.0016738750273361802,
                    0.0016914999578148127,
                    0.001683790993411094,
                    0.0018693340243771672,
                    0.0016988749848678708,
                    0.0017082500271499157,
                    0.001678791013546288,
                    0.0017194579704664648,
                    0.0017394579481333494,
                    0.0017107920139096677,
                    0.0016768330242484808,
                    0.0016667079762555659,
                    0.0017614999669604003,
                    0.001683874987065792,
                    0.0016823329497128725,
                    0.0016908750403672457,
                    0.0016772500239312649,
                    0.001676584011875093,
                    0.001673749997280538,
                    0.0017082920530810952,
                    0.0016974589671008289,
                    0.0016677920357324183,
                    0.0016774159739725292,
                    0.0016829580417834222,
                    0.0016672909841872752,
                    0.0016714159864932299,
                    0.0016884999931789935,
                    0.0016954999882727861,
                    0.0017585000023245811,
                    0.0017099169781431556,
                    0.0016794580151326954,
                    0.0016704999725334346,
                    0.0016825420316308737,
                    0.0016877499874681234,
                    0.0016830830136314034,
                    0.0016786669730208814,
                    0.001677375053986907,
                    0.0016840410535223782,
                    0.0016915830201469362,
                    0.0016578750219196081,
                    0.001664959010668099,
                    0.0017242089961655438,
                    0.0016674160142429173,
                    0.0016735829995013773,
                    0.0016797090065665543,
                    0.001684082963038236,
                    0.0016966250259429216,
                    0.0016782500315457582,
                    0.0017137500108219683,
                    0.0016967499977909029,
                    0.0016752919764257967,
                    0.0016808750224299729,
                    0.0016913750441744924,
                    0.0016729580238461494,
                    0.0016804580227471888,
                    0.0016768749919719994,
                    0.0016949999844655395,
                    0.001701583038084209,
                    0.0017002079985104501,
                    0.0017165830358862877,
                    0.00167666602646932,
                    0.0016720420098863542,
                    0.0016771249938756227,
                    0.0018574160058051348,
                    0.0017406250117346644,
                    0.0017069170135073364,
                    0.0017184169846586883,
                    0.0017197090201079845,
                    0.0016951669822447002,
                    0.0016935409512370825,
                    0.0017022500396706164,
                    0.001679374952800572,
                    0.0017022500396706164,
                    0.0017570840427652001,
                    0.0017182500450871885,
                    0.0017038749647326767,
                    0.0017172500374726951,
                    0.001702625013422221,
                    0.00168208300601691,
                    0.0016827919753268361,
                    0.0017261659959331155,
                    0.0016862089978531003,
                    0.0016677500098012388,
                    0.0016623339615762234,
                    0.0016844169585965574,
                    0.0017060420359484851,
                    0.0017109590116888285,
                    0.0017092080088332295,
                    0.0016973339952528477,
                    0.0016758329584263265,
                    0.0017220840090885758,
                    0.0017052500043064356,
                    0.0017130000051110983,
                    0.0016945409588515759,
                    0.0017173340311273932,
                    0.0016847919905558228,
                    0.0016915419837459922,
                    0.001691124984063208,
                    0.0016817499999888241,
                    0.0017044999985955656,
                    0.001691417011898011,
                    0.0016960829962044954,
                    0.0016785420011729002,
                    0.0016873329877853394,
                    0.0016818330041132867,
                    0.0016905000084079802,
                    0.0017231249948963523,
                    0.0017405420076102018,
                    0.0016926249954849482,
                    0.0016991249867714942,
                    0.0016844579949975014,
                    0.0016805000486783683,
                    0.0016757089761085808,
                    0.0017034580232575536,
                    0.0016787920030765235,
                    0.001684917020611465,
                    0.001695042010396719,
                    0.0017082910053431988,
                    0.0016729170456528664,
                    0.0016933329752646387,
                    0.0016920000198297203,
                    0.0017019579536281526,
                    0.001869542000349611,
                    0.001726166985463351,
                    0.0017075419891625643,
                    0.0016962910303846002,
                    0.0017144999583251774,
                    0.0017202080343849957,
                    0.0016835000133141875,
                    0.0017034170450642705,
                    0.0017191249644383788,
                    0.0017288750386796892,
                    0.001679166976828128,
                    0.0017024580156430602,
                    0.0017430000007152557
                ],
                "iterations": 1
            }
        }
    ],
    "datetime": "2026-08-23T16:09:40.703603+00:00",
    "version": "5.2.3"
}
